-64,64
-64,64
-64,64
-64,63
-64,62
-64,61
-64,60
-64,59
-64,57
-64,55
-65,54
-65,52
-65,51
-65,50
-65,49
-65,48
-64,46
-64,44
-63,43
-62,41
-62,39
-61,38
-61,37
-60,35
-58,33
-56,31
-53,29
-50,26
-47,24
-43,21
-39,18
-35,15
-30,11
-25,8
-20,5
-15,1
-10,-2
-5,-6
0,-10
5,-15
10,-20
15,-25
20,-30
24,-36
29,-41
33,-47
37,-54
41,-60
44,-66
48,-73
51,-80
54,-87
57,-94
60,-101
63,-107
66,-114
68,-120
70,-125
73,-131
75,-136
76,-141
78,-145
80,-149
81,-153
83,-157
84,-160
86,-163
87,-166
88,-169
89,-171
90,-173
90,-175
91,-177
92,-179
94,-181
96,-183
99,-186
102,-189
103,-192
103,-194
103,-196
103,-198
103,-200
103,-202
103,-204
103,-206
103,-208
103,-209
103,-211
103,-212
103,-213
103,-214
103,-215
103,-216
103,-217
103,-218
103,-219
103,-219
103,-220
103,-220
103,-221
103,-221
103,-221
103,-221
103,-221
103,-220
103,-219
103,-218
103,-216
103,-214
103,-213
103,-210
103,-209
103,-207
103,-205
103,-204
103,-203
103,-202
103,-201
103,-200
103,-199
103,-198
103,-197
103,-197
103,-196
103,-195
103,-195
103,-194
103,-194
103,-194
103,-193
103,-193
103,-192
103,-192
103,-192
103,-192
103,-191
103,-191
103,-191
103,-191
103,-191
103,-191
103,-191
103,-190
103,-190
103,-190
103,-190
103,-189
103,-189
103,-188
103,-187
103,-185
103,-183
103,-180
103,-177
103,-175
103,-172
103,-170
103,-166
103,-162
103,-158
103,-154
103,-149
103,-144
103,-138
103,-132
103,-127
103,-120
103,-114
104,-108
105,-102
106,-95
108,-89
110,-83
112,-77
114,-70
117,-64
120,-58
124,-51
127,-45
131,-38
135,-32
138,-26
142,-19
145,-16
147,-16
149,-16
151,-16
153,-15
155,-14
157,-12
160,-10
162,-9
164,-7
167,-5
169,-3
172,0
176,1
179,4
183,6
187,9
191,12
195,14
200,17
205,19
210,22
216,24
222,27
228,29
234,32
240,34
247,36
253,38
260,41
266,43
272,45
278,48
285,51
291,54
297,57
304,61
310,65
316,69
322,73
329,77
335,81
341,86
347,90
353,95
360,100
366,104
373,108
380,113
386,116
391,120
397,124
402,127
406,130
411,133
415,136
419,139
423,141
426,144
429,146
432,149
436,153
439,157
442,161
446,165
448,168
451,172
454,177
456,181
459,185
461,189
463,194
465,198
467,202
468,206
470,210
471,213
472,216
473,218
474,220
475,222
476,224
477,226
477,228
477,230
478,231
477,234
476,236
474,239
472,242
470,245
467,248
463,251
459,254
455,258
451,261
446,265
442,269
437,272
431,276
426,280
421,284
415,288
409,293
404,297
398,302
393,306
387,311
381,316
375,321
370,325
365,330
359,334
353,339
348,342
342,346
337,350
331,353
324,356
318,360
312,363
306,365
300,368
294,371
287,373
281,376
275,378
269,380
263,382
258,384
253,386
247,388
241,389
235,391
228,393
222,394
215,396
209,398
202,400
195,402
187,403
180,405
173,406
165,408
158,409
151,410
144,411
137,411
130,412
123,412
117,412
110,412
103,411
96,411
90,411
84,410
79,410
74,410
70,410
65,409
60,408
56,406
51,405
45,402
40,400
35,397
30,393
25,390
20,386
16,382
16,381
16,379
16,378
16,376
16,373
16,370
16,367
16,364
16,360
15,356
14,352
13,347
11,343
9,338
7,333
4,328
1,323
-1,318
-5,313
-8,307
-12,302
-15,297
-19,292
-23,287
-27,282
-31,276
-35,271
-40,266
-45,261
-50,256
-56,251
-61,247
-66,243
-71,239
-77,235
-82,231
-88,228
-92,224
-97,221
-102,218
-107,215
-112,212
-116,209
-121,205
-125,202
-129,199
-132,197
-136,195
-138,193
-141,191
-144,189
-146,186
-149,184
-151,181
-154,177
-157,173
-160,169
-164,165
-168,161
-172,156
-176,152
-180,147
-185,143
-190,138
-195,133
-200,129
-205,125
-211,120
-217,116
-223,112
-229,108
-234,105
-239,101
-244,99
-248,96
-253,94
-257,91
-261,89
-265,88
-269,86
-273,84
-277,83
-281,81
-285,80
-289,78
-292,77
-295,76
-297,75
-300,74
-302,74
-304,73
-306,72
-307,72
-309,71
-310,71
-311,70
-312,70
-313,70
-314,69
-315,69
-316,69
-316,68
-317,68
-317,68
-318,68
-318,68
-319,68
-319,67
-320,67
-320,67
-320,67
-320,67
-321,67
-321,67
-320,66
-320,65
-319,63
-317,61
-315,58
-314,56
-312,53
-309,50
-307,47
-305,45
-303,42
-301,38
-299,35
-296,31
-293,26
-290,24
-289,24
-287,24
-286,24
-284,24
-283,24
-281,24
-279,24
-278,24
-277,24
-276,24
-275,24
-274,24
-273,24
-273,24
-273,24
-273,24
-273,24
-274,24
-275,24
-277,24
-278,24
-280,24
-282,24
-284,24
-286,24
-288,24
-290,24
-291,24
-293,24
-294,24
-295,24
-296,24
-297,24
-298,24
-299,24
-300,24
-300,24
-301,24
-301,24
-302,24
-302,24
-303,24
-303,24
-302,24
-301,24
-299,24
-297,24
-295,24
-293,24
-290,24
-288,24
-285,24
-282,24
-280,24
-278,24
-276,24
-274,24
-272,24
-270,24
-269,24
-267,24
-266,24
-265,24
-264,24
-263,24
-261,24
-259,24
-258,24
-256,24
-254,24
-251,24
-249,24
-248,24
-246,24
-245,24
-243,24
-242,24
-241,24
-240,24
-240,24
-240,24
-240,24
-240,24
-240,24
-241,24
-241,24
-242,24
-243,24
-243,24
-244,24
-244,24
-245,24
-246,24
-246,24
-247,24
-247,24
-247,24
-248,24
-248,24
-248,24
-249,24
-249,24
-249,24
-250,24
-250,24
-250,24
-250,24
-250,24
-250,24
-251,24
-251,24
-251,24
-251,24
-251,24
-251,24
-251,24
-251,24
-251,24
-251,24
-251,24
-251,24
-251,24
-251,24
-251,24
-250,24
-250,24
-250,24
-250,24
-250,24
-250,24
-250,24
-250,24
-250,24
-250,24
-250,24
-250,24
-250,24
-250,24
-250,24
-250,24
-250,24
-250,24
-250,24
-250,24
-250,24
-250,24
-250,24
-250,24
-250,24
-250,24
-250,24
-250,24
-250,24
-250,24
-250,24
-250,24
-250,24
-250,24
-250,24
-250,24
-250,24
-250,24
-250,24
-250,24
-250,24
-250,24
-250,24
-250,24
-250,24
-250,24
-250,24
-250,24
-250,24
-250,24
-250,24
-250,24
-250,24
-250,24
-250,24
-250,24
-250,24
-250,24
-250,24
-250,24
-250,24
-250,24
-250,24
-250,24
-250,24
-250,24
-250,24
-250,24
-250,24
-250,24
-250,24
-250,24
-250,24
-250,24
-250,24
-250,24
-250,24
-250,24
-250,24
-250,24
-250,24
-250,24
-250,24
-250,24
-250,24
-250,24
-250,24
-250,24
-250,24
-250,24
-250,24
-250,24
-250,24
-250,24
-250,24
-250,24
-250,24
-250,24
-250,24
-250,24
-250,24
-250,24
-250,24
-250,24
-250,24
-250,24
-250,24
-250,24
-250,24
-250,24
-250,24
-250,24
-250,24
-250,24
-250,24
-250,24
-250,24
-250,24
-250,24
-250,24
-250,24
-250,24
-250,24
-250,24
-250,24
-250,24
-250,24
-250,24
-250,24
-250,24
-250,24
-250,24
-250,24
-250,24
-250,24
-250,24
-250,24
-250,24
-250,24
-250,24
-250,24
-250,24
-250,24
-250,24
-250,24
-250,24
-250,24
-250,24
-250,24
-250,24
-250,24
-250,24
-250,24
-250,24
-250,24
-250,24
-250,24
-250,24
-250,24
-250,24
-250,24
-250,24
-250,24
-250,24
-250,24
-250,24
-250,24
-250,24
-250,24
-250,24
-250,24
-250,24
-250,24
-250,24
-250,24
-250,24
-250,24
-250,24
-250,24
-250,24
-250,24
-250,24
-250,24
-250,24
-250,24
-250,24
-250,24
-250,24
-250,24
-250,24
-250,24
-250,24
-250,24
-250,24
-250,24
-250,24
-250,24
-250,24
-250,24
-250,24
-250,24
-250,24
-250,24
-250,24
-250,24
-250,24
-250,24
-250,24
-250,24
-250,24
-250,24
-250,24
-250,24
-250,24
-250,24
-250,24
-250,24
-250,24
-250,24
-250,24
-250,24
-250,24
-250,24
-250,24
-250,24
-250,24
-250,24
-250,24
-250,24
-250,24
-250,24
-250,24
-250,24
-250,24
-250,24
-250,24
-250,24
-250,24
-250,24
-250,24
-250,24
-250,24
-250,24
-250,24
-250,24
-250,24
-250,24
-250,24
-250,24
-250,24
-250,24
-250,24
-250,24
-250,24
-250,24
-250,24
-250,24
-250,24
-250,24
-250,24
-250,24
-250,24
-250,24
-250,24
-250,24
-250,24
-250,24
-250,24
-250,24
-250,24
-250,24
-250,24
-250,24
-250,24
-250,24
-250,24
-250,24
-250,24
-250,24
-250,24
-250,24
-250,24
-250,24
-250,24
-250,24
-250,24
-250,24
-250,24
-250,24
-250,24
-250,24
-250,24
-250,24
-250,24
-250,24
-250,24
-250,24
-250,24
-250,24
-250,24
-250,24
-250,24
-250,24
-250,24
-250,24
-250,24
-250,24
-250,24
-250,24
-250,24
-250,24
-250,24
-250,24
-250,24
-250,24
-250,24
-250,24
-250,24
-250,24
-250,24
-250,24
-250,24
-250,24
-250,24
-250,24
-250,24
-250,24
-250,24
-250,24
-250,24
-250,24
-250,24
-250,24
-250,24
-250,24
-250,24
-250,24
-250,24
-250,24
-250,24
-250,24
-250,24
-250,24
-250,24
-250,24
-250,24
-250,24
-250,24
-250,24
-250,24
-250,24
-250,24
-250,24
-250,24
-250,24
-250,24
-250,24
-250,24
-250,24
-250,24
-250,24
-250,24
-250,24
-250,24
-250,24
-250,24
-250,24
-250,24
-250,24
-250,24
-250,24
-250,24
-250,24
-250,24
-250,24
-250,24
-250,24
-250,24
-250,24
-250,24
-250,24
-250,24
-250,24
-250,24
-250,24
-250,24
-250,24
-250,24
-250,24
-250,24
-250,24
-250,24
-250,24
-250,24
-250,24
-250,24
-250,24
-250,24
-250,24
-250,24
-250,24
-250,24
-250,24
-250,24
-250,24
-250,24
-250,24
-250,24
-250,24
-250,24
-250,24
-250,24
-250,24
-250,24
-250,24
-249,24
-249,24
-250,24
-250,24
-250,24
-250,24
-250,24
-250,24
-250,24
-250,24
-250,24
-250,24
-250,24
-250,24
-250,24
-250,24
-250,24
-250,24
-250,24
-250,24
-250,24
-250,24
-250,24
-250,24
-250,24
-250,24
-250,24
-250,24
-250,24
-250,24
-250,24
-250,24
-250,24
-250,24
-250,24
-250,24
-250,24
-250,24
-250,24
-250,24
-250,24
-250,24
-250,24
-250,24
-250,24
-250,24
-250,24
-250,24
-250,24
-250,24
-250,24
-250,24
-250,24
-250,24
-250,24
-250,24
-250,24
-250,24
-250,24
-250,24
-250,24
-250,24
-250,24
-250,24
-250,24
-250,24
-250,24
-250,24
-250,24
-249,24
-249,24
-250,24
-250,24
-250,24
-250,24
-250,24
-250,24
-250,24
-250,24
-250,24
-250,24
-250,24
-250,24
-250,24
-250,24
-250,24
-250,24
-250,24
-250,24
-250,24
-250,24
-250,24
-250,24
-250,24
-250,24
-250,24
-249,24
-250,24
-250,24
-250,24
-250,24
-250,24
-250,24
-250,24
-250,24
-250,24
-250,24
-250,24
-250,24
-250,24
-250,24
-250,24
-250,24
-250,24
-250,24
-250,24
-250,24
-250,24
-250,24
-250,24
-250,24
-250,24
-250,24
-250,24
-250,24
-250,24
-250,24
-250,24
-250,24
-250,24
-250,24
-250,24
-250,24
-250,24
-250,24
-250,24
-250,24
-250,24
-250,24
-250,24
-250,24
-250,24
-250,24
-250,24
-250,24
-250,24
-250,24
-250,24
-250,24
-250,24
-250,24
-250,24
-250,24
-250,24
-250,24
-250,24
-250,24
-250,24
-250,24
-250,24
-250,24
-250,24
-250,24
-250,24
-250,24
-250,24
-250,24
-250,24
-250,24
-250,24
-250,24
-250,24
-250,24
-250,24
-250,24
-250,24
-250,24
-250,24
-250,24
-250,24
-250,24
-250,24
-250,24
-250,24
-250,24
-250,24
-250,24
-250,24
-250,24
-250,24
-250,24
-250,24
-250,24
-250,24
-250,24
-250,24
-250,24
-250,24
-250,24
-250,24
-250,24
-250,24
-250,24
-250,24
-250,24
-250,24
-250,24
-250,24
-250,24
-250,24
-250,24
-250,24
-250,24
-250,24
-250,24
-250,24
-250,24
-250,24
-250,24
-250,24
-250,24
-250,24
-250,24
-250,24
-250,24
-250,24
-250,24
-250,24
-250,24
-250,24
-250,24
-250,24
-250,24
-250,24
-250,24
-250,24
-250,24
-250,24
-250,24
-250,24
-250,24
-250,24
-250,24
-250,24
-250,24
-250,24
-250,24
-250,24
-250,24
-250,24
-250,24
-250,24
-250,24
-250,24
-250,24
-250,24
-250,24
-250,24
-250,24
-250,24
-250,24
-250,24
-250,24
-250,24
-250,24
-250,24
-250,24
-250,24
-250,24
-250,24
-250,24
-250,24
-250,24
-250,24
-250,24
-250,24
-250,24
-250,24
-250,24
-250,24
-250,24
-250,24
-250,24
-250,24
-250,24
-250,24
-250,24
-250,24
-250,24
-250,24
-250,24
-250,24
-250,24
-250,24
-250,24
-250,24
-250,24
-250,24
-250,24
-250,24
-250,24
-250,24
-250,24
-250,24
-250,24
-250,24
-250,24
-250,24
-250,24
-250,24
-250,24
-250,24
-250,24
-250,24
-250,24
-250,24
-250,24
-250,24
-250,24
-250,24
-250,24
-250,24
-250,24
-250,24
-250,24
-250,24
-250,24
-250,24
-250,24
-250,24
-250,24
-250,24
-250,24
-250,24
-250,24
-250,24
-250,24
-250,24
-250,24
-250,24
-250,24
-250,24
-250,24
-250,24
-250,24
-250,24
-250,24
-250,24
-250,24
-250,24
-250,24
-250,24
-250,24
-250,24
-250,24
-250,24
-250,24
-250,24
-250,24
-250,24
-250,24
-250,24
-250,24
-250,24
-250,24
-250,24
-250,24
-250,24
-250,24
-250,24
-250,24
-250,24
-250,24
-250,24
-250,24
-250,24
-250,24
-250,24
-250,24
-250,24
-250,24
-250,24
-250,24
-250,24
-250,24
-250,24
-250,24
-250,24
-250,24
-250,24
-250,24
-250,24
-250,24
-250,24
-250,24
-250,24
-250,24
-250,24
-250,24
-250,24
-250,24
-250,24
-250,24
-250,24
-250,24
-250,24
-250,24
-250,24
-250,24
-250,24
-250,24
-250,24
-250,24
-250,24
-250,24
-250,24
-250,24
-250,24
-250,24
-250,24
-250,24
-250,24
-250,24
-250,24
-250,24
-250,24
-250,24
-250,24
-250,24
-250,24
-250,24
-250,24
-250,24
-250,24
-250,24
-250,24
-250,24
-250,24
-250,24
-250,24
-250,24
-250,24
-250,24
-250,24
-250,24
-250,24
-250,24
-250,24
-250,24
-250,24
-250,24
-250,24
-250,24
-250,24
-250,24
-250,24
-250,24
-250,24
-250,24
-250,24
-250,24
-250,24
-250,24
-250,24
-250,24
-250,24
-250,24
-250,24
-250,24
-250,24
-250,24
-250,24
-250,24
-250,24
-250,24
-250,24
-250,24
-250,24
-250,24
-250,24
-250,24
-250,24
-250,24
-250,24
-250,24
-250,24
-250,24
-250,24
-250,24
-250,24
-250,24
-250,24
-250,24
-250,24
-250,24
-250,24
-250,24
-250,24
-250,24
-250,24
-250,24
-250,24
-250,24
-250,24
-250,24
-250,24
-250,24
-250,24
-250,24
-250,24
-250,24
-250,24
-250,24
-250,24
-250,24
-250,24
-250,24
-250,24
-250,24
-250,24
-250,24
-250,24
-250,24
-250,24
-250,24
-250,24
-250,24
-250,24
-250,24
-250,24
-250,24
-250,24
-250,24
-250,24
-250,24
-250,24
-250,24
-250,24
-250,24
-250,24
-250,24
-250,24
-250,24
-250,24
-250,24
-250,24
-250,24
-250,24
-250,24
-250,24
-250,24
-250,24
-250,24
-250,24
-250,24
-250,24
-250,24
-250,24
-250,24
-250,24
-250,24
-250,24
-250,24
-250,24
-250,24
-250,24
-250,24
-250,24
-250,24
-250,24
-250,24
-250,24
-250,24
-250,24
-250,24
-250,24
-250,24
-250,24
-250,24
-250,24
-250,24
-250,24
-250,24
-250,24
-250,24
-250,24
-250,24
-250,24
-250,24
-250,24
-250,24
-250,24
-250,24
-250,24
-250,24
-250,24
-250,24
-250,24
-250,24
-250,24
-250,24
-250,24
-250,24
-250,24
-250,24
-250,24
-250,24
-250,24
-250,24
-250,24
-250,24
-250,24
-250,24
-250,24
-250,24
-250,24
-250,24
-250,24
-250,24
-250,24
-250,24
-250,24
-250,24
-250,24
-250,24
-250,24
-250,24
-250,24
-250,24
-250,24
-250,24
-250,24
-250,24
-250,24
-250,24
-250,24
-250,24
-250,24
-250,24
-250,24
-250,24
-250,24
-250,24
-250,24
-250,24
-250,24
-250,24
-250,24
-250,24
-250,24
-250,24
-250,24
-250,24
-250,24
-250,24
-250,24
-250,24
-250,24
-250,24
-250,24
-250,24
-250,24
-250,24
-250,24
-250,24
-250,24
-250,24
-250,24
-250,24
-250,24
-250,24
-250,24
-250,24
-250,24
-250,24
-250,24
-250,24
-250,24
-250,24
-250,24
-250,24
-250,24
-250,24
-250,24
-250,24
-250,24
-250,24
-250,24
-250,24
-250,24
-250,24
-250,24
-250,24
-250,24
-250,24
-250,24
-250,24
-250,24
-250,24
-250,24
-250,24
-250,24
-250,24
-250,24
-250,24
-250,24
-250,24
-250,24
-250,24
-250,24
-250,24
-250,24
-250,24
-250,24
-250,24
-250,24
-250,24
-250,24
-250,24
-250,24
-250,24
-250,24
-250,24
-250,24
-250,24
-250,24
-250,24
-250,24
-250,24
-250,24
-250,24
-250,24
-250,24
-250,24
-250,24
-250,24
-250,24
-250,24
-250,24
-250,24
-250,24
-250,24
-250,24
-250,24
-250,24
-250,24
-250,24
-250,24
-250,24
-250,24
-250,24
-250,24
-249,24
-249,24
-249,24
-250,24
-250,24
-250,24
-250,24
-250,24
-250,24
-250,24
-250,24
-250,24
-250,24
-250,24
-250,24
-250,24
-250,24
-250,24
-250,24
-250,24
-250,24
-250,24
-250,24
-250,24
-250,24
-250,24
-250,24
-250,24
-250,24
-250,24
-250,24
-250,24
-250,24
-250,24
-250,24
-250,24
-250,24
-250,24
-250,24
-250,24
-250,24
-250,24
-250,24
-250,24
-250,24
-250,24
-250,24
-250,24
-250,24
-250,24
-250,24
-250,24
-250,24
-250,24
-250,24
-250,24
-250,24
-250,24
-250,24
-250,24
-250,24
-250,24
-249,24
-249,24
-249,24
-249,24
-249,24
-249,24
-249,24
-249,24
-249,24
-249,24
-249,24
-249,24
-249,24
-249,24
-249,24
-249,24
-249,24
-249,24
-249,24
-249,24
-249,24
-248,24
-248,24
-248,24
-248,24
-248,24
-248,24
-248,24
-248,24
-248,24
-248,24
-248,24
-248,24
-248,24
-248,24
-248,24
-248,24
-248,24
-248,24
-248,24
-249,24
-248,24
-248,24
-248,24
-248,24
-248,24
-248,24
-249,24
-249,24
-249,24
-249,24
-249,24
-249,24
-249,24
-249,24
-249,24
-249,24
-249,24
-249,24
-249,24
-249,24
-249,24
-249,24
-249,24
-249,24
-249,24
-249,24
-249,24
-249,24
-249,24
-249,24
-249,24
-249,24
-249,24
-249,24
-249,24
-249,24
-249,24
-249,24
-249,24
-249,24
-249,24
-249,24
-249,24
-249,24
-249,24
-249,24
-249,24
-249,24
-249,24
-249,24
-249,24
-249,24
-249,24
-249,24
-249,24
-249,24
-249,24
-249,24
-249,24
-249,24
-249,24
-249,24
-249,24
-249,24
-249,24
-249,24
-249,24
-249,24
-249,24
-249,24
-249,24
-249,24
-249,24
-249,24
-249,24
-249,24
-249,24
-249,24
-249,24
-249,24
-249,24
-249,24
-249,24
-249,24
-249,24
-249,24
-249,24
-249,24
-249,24
-249,24
-249,24
-249,24
-249,24
-249,24
-249,24
-249,24
-249,24
-249,24
-249,24
-249,24
-249,24
-249,24
-249,24
-249,24
-249,24
-249,24
-249,24
-249,24
-249,24
-249,24
-249,24
-249,24
-249,24
-249,24
-249,24
-249,24
-249,24
-249,24
-249,24
-249,24
-249,24
-249,24
-249,24
-249,24
-249,24
-249,24
-249,24
-249,24
-249,24
-249,24
-249,24
-249,24
-249,24
-249,24
-249,24
-249,24
-249,24
-249,24
-249,24
-249,24
-249,24
-249,24
-249,24
-249,24
-249,24
-249,24
-249,24
-249,24
-249,24
-249,24
-249,24
-249,24
-249,24
-249,24
-249,24
-249,24
-249,24
-249,24
-249,24
-249,24
-249,24
-249,24
-249,24
-249,24
-249,24
-249,24
-249,24
-249,24
-249,24
-249,24
-249,24
-249,24
-249,24
-249,24
-249,24
-249,24
-249,24
-249,24
-249,24
-249,24
-249,24
-249,24
-249,24
-249,24
-249,24
-249,24
-249,24
-249,24
-249,24
-249,24
-249,24
-249,24
-249,24
-249,24
-249,24
-249,24
-249,24
-249,24
-249,24
-249,24
-249,24
-249,24
-249,24
-249,24
-249,24
-249,24
-249,24
-249,24
-249,24
-249,24
-249,24
-249,24
-249,24
-249,24
-249,24
-249,24
-249,24
-249,24
-249,24
-249,24
-249,24
-448,-64
